fecha	cols	rows	boosting	objective	metric	first_metric_only	boost_from_average	feature_pre_filter	force_row_wise	verbosity	max_depth	min_gain_to_split	min_sum_hessian_in_leaf	lambda_l1	lambda_l2	max_bin	num_iterations	bagging_fraction	pos_bagging_fraction	neg_bagging_fraction	is_unbalance	scale_pos_weight	drop_rate	max_drop	skip_drop	extra_trees	seed	learning_rate	feature_fraction	num_leaves	min_data_in_leaf	estimulos	ganancia	iteracion_bayesiana
20230723 225142	563	1378548	gbdt	binary	custom	TRUE	TRUE	FALSE	TRUE	-100	-1	0	0.001	0	0	31	377	1	1	1	FALSE	1	0.1	50	0.5	TRUE	103031	0.167291425225934	0.331780362308128	561	14869	32103	147332139.430285	1
20230723 230004	563	1378548	gbdt	binary	custom	TRUE	TRUE	FALSE	TRUE	-100	-1	0	0.001	0	0	31	1022	1	1	1	FALSE	1	0.1	50	0.5	TRUE	103031	0.0873532034065496	0.300465429983436	765	9809	32477	149747410.794603	2
20230723 230351	563	1378548	gbdt	binary	custom	TRUE	TRUE	FALSE	TRUE	-100	-1	0	0.001	0	0	31	539	1	1	1	FALSE	1	0.1	50	0.5	TRUE	103031	0.178360594853643	0.812932661448284	215	35640	30285	150331086.956522	3
20230723 230604	563	1378548	gbdt	binary	custom	TRUE	TRUE	FALSE	TRUE	-100	-1	0	0.001	0	0	31	147	1	1	1	FALSE	1	0.1	50	0.5	TRUE	103031	0.29122646151695	0.731457760150245	34	27967	38730	148269730.134933	4
20230723 232107	563	1378548	gbdt	binary	custom	TRUE	TRUE	FALSE	TRUE	-100	-1	0	0.001	0	0	31	2058	1	1	1	FALSE	1	0.1	50	0.5	TRUE	103031	0.0453283604533176	0.434775855817047	689	21302	29500	151939400.29985	5
20230723 232726	563	1378548	gbdt	binary	custom	TRUE	TRUE	FALSE	TRUE	-100	-1	0	0.001	0	0	31	1299	1	1	1	FALSE	1	0.1	50	0.5	TRUE	103031	0.153764261342694	0.623420111745394	866	44364	33765	149101581.709145	6
20230723 233757	563	1378548	gbdt	binary	custom	TRUE	TRUE	FALSE	TRUE	-100	-1	0	0.001	0	0	31	1470	1	1	1	FALSE	1	0.1	50	0.5	TRUE	103031	0.0906159143715888	0.491347804057666	147	48841	28063	151885002.998501	7
20230723 234055	563	1378548	gbdt	binary	custom	TRUE	TRUE	FALSE	TRUE	-100	-1	0	0.001	0	0	31	140	1	1	1	FALSE	1	0.1	50	0.5	TRUE	103031	0.207235895423234	0.123292973226766	267	3283	34462	144809682.158921	8
20230723 234641	563	1378548	gbdt	binary	custom	TRUE	TRUE	FALSE	TRUE	-100	-1	0	0.001	0	0	31	482	1	1	1	FALSE	1	0.1	50	0.5	TRUE	103031	0.13692733044291	0.563720317992138	512	22156	30716	151038566.716642	9
20230723 235139	563	1378548	gbdt	binary	custom	TRUE	TRUE	FALSE	TRUE	-100	-1	0	0.001	0	0	31	265	1	1	1	FALSE	1	0.1	50	0.5	TRUE	103031	0.264142636848653	0.884034660254217	436	2895	28076	137254878.56072	10
20230723 235433	563	1378548	gbdt	binary	custom	TRUE	TRUE	FALSE	TRUE	-100	-1	0	0.001	0	0	31	370	1	1	1	FALSE	1	0.1	50	0.5	TRUE	103031	0.274407536356423	0.965472127351404	639	42765	33885	147831296.851574	11
20230724 000651	563	1378548	gbdt	binary	custom	TRUE	TRUE	FALSE	TRUE	-100	-1	0	0.001	0	0	31	3982	1	1	1	FALSE	1	0.1	50	0.5	TRUE	103031	0.0654707712931373	0.0421758264696277	959	16353	27975	149206154.422789	12
20230724 001035	563	1378548	gbdt	binary	custom	TRUE	TRUE	FALSE	TRUE	-100	-1	0	0.001	0	0	31	587	1	1	1	FALSE	1	0.1	50	0.5	TRUE	103031	0.241970809026954	0.173149274214095	771	33546	25278	146305970.014993	13
20230724 003208	563	1378548	gbdt	binary	custom	TRUE	TRUE	FALSE	TRUE	-100	-1	0	0.001	0	0	31	5103	1	1	1	FALSE	1	0.1	50	0.5	TRUE	103031	0.0207284136067634	0.849418129732273	387	39660	32655	153759137.931034	14
20230724 003852	563	1378548	gbdt	binary	custom	TRUE	TRUE	FALSE	TRUE	-100	-1	0	0.001	0	0	31	873	1	1	1	FALSE	1	0.1	50	0.5	TRUE	103031	0.110624873833725	0.687674384242278	1012	8325	35631	143730268.365817	15
20230724 004508	563	1378548	gbdt	binary	custom	TRUE	TRUE	FALSE	TRUE	-100	-1	0	0.001	0	0	31	1080	1	1	1	FALSE	1	0.1	50	0.5	TRUE	103031	0.212779021315052	0.234984172409565	119	29505	31399	146361320.83958	16
20230724 010520	563	1378548	gbdt	binary	custom	TRUE	TRUE	FALSE	TRUE	-100	-1	0	0.001	0	0	31	7190	1	1	1	FALSE	1	0.1	50	0.5	TRUE	103031	0.0200356023533558	0.716841177656003	9	41144	28707	154250514.242879	17
20230724 013214	563	1378548	gbdt	binary	custom	TRUE	TRUE	FALSE	TRUE	-100	-1	0	0.001	0	0	31	5333	1	1	1	FALSE	1	0.1	50	0.5	TRUE	103031	0.0200428646881246	0.604236721869164	299	34080	28721	154267224.887556	18
20230724 014259	563	1378548	gbdt	binary	custom	TRUE	TRUE	FALSE	TRUE	-100	-1	0	0.001	0	0	31	2489	1	1	1	FALSE	1	0.1	50	0.5	TRUE	103031	0.0202516796241894	0.680666491949402	460	49974	33198	152845880.05997	19
20230724 020813	563	1378548	gbdt	binary	custom	TRUE	TRUE	FALSE	TRUE	-100	-1	0	0.001	0	0	31	9852	1	1	1	FALSE	1	0.1	50	0.5	TRUE	103031	0.0201923830758797	0.999709828351237	9	43620	31349	153130991.004498	20
20230724 022233	563	1378548	gbdt	binary	custom	TRUE	TRUE	FALSE	TRUE	-100	-1	0	0.001	0	0	31	5554	1	1	1	FALSE	1	0.1	50	0.5	TRUE	103031	0.0422998603057136	0.686930968905193	8	26677	31085	153838373.313343	21
20230724 024726	563	1378548	gbdt	binary	custom	TRUE	TRUE	FALSE	TRUE	-100	-1	0	0.001	0	0	31	5769	1	1	1	FALSE	1	0.1	50	0.5	TRUE	103031	0.0200215921753204	0.711942574464578	155	35004	32236	154437847.076462	22
20230724 025637	563	1378548	gbdt	binary	custom	TRUE	TRUE	FALSE	TRUE	-100	-1	0	0.001	0	0	31	2029	1	1	1	FALSE	1	0.1	50	0.5	TRUE	103031	0.0619289275819248	0.701794373771193	280	37534	32256	151846992.503748	23
20230724 033944	563	1378548	gbdt	binary	custom	TRUE	TRUE	FALSE	TRUE	-100	-1	0	0.001	0	0	31	9975	1	1	1	FALSE	1	0.1	50	0.5	TRUE	103031	0.0201195096735469	0.589541124357975	8	31436	30237	153454097.451274	24
20230724 040158	563	1378548	gbdt	binary	custom	TRUE	TRUE	FALSE	TRUE	-100	-1	0	0.001	0	0	31	5205	1	1	1	FALSE	1	0.1	50	0.5	TRUE	103031	0.0200453165019145	0.736593296938254	59	36675	32355	152747653.673163	25
20230724 043706	563	1378548	gbdt	binary	custom	TRUE	TRUE	FALSE	TRUE	-100	-1	0	0.001	0	0	31	5338	1	1	1	FALSE	1	0.1	50	0.5	TRUE	103031	0.0200171189096331	0.512427064727658	505	33682	31760	155262248.875562	26
20230724 045813	563	1378548	gbdt	binary	custom	TRUE	TRUE	FALSE	TRUE	-100	-1	0	0.001	0	0	31	6944	1	1	1	FALSE	1	0.1	50	0.5	TRUE	103031	0.0200617019484435	0.0568744363690283	507	31497	33361	152859368.815592	27
20230724 052839	563	1378548	gbdt	binary	custom	TRUE	TRUE	FALSE	TRUE	-100	-1	0	0.001	0	0	31	4554	1	1	1	FALSE	1	0.1	50	0.5	TRUE	103031	0.0200104235678154	0.507876758741314	531	34608	31713	155661839.58021	28
20230724 055724	563	1378548	gbdt	binary	custom	TRUE	TRUE	FALSE	TRUE	-100	-1	0	0.001	0	0	31	4312	1	1	1	FALSE	1	0.1	50	0.5	TRUE	103031	0.020021591862107	0.501068672423812	541	35268	31275	155793650.674663	29
20230724 062608	563	1378548	gbdt	binary	custom	TRUE	TRUE	FALSE	TRUE	-100	-1	0	0.001	0	0	31	4461	1	1	1	FALSE	1	0.1	50	0.5	TRUE	103031	0.0200014174503588	0.503010965461432	543	35900	29586	155143109.445277	30
20230724 070602	563	1378548	gbdt	binary	custom	TRUE	TRUE	FALSE	TRUE	-100	-1	0	0.001	0	0	31	5763	1	1	1	FALSE	1	0.1	50	0.5	TRUE	103031	0.0200318561535036	0.505977304501807	542	35573	29785	153834445.277361	31
20230724 073217	563	1378548	gbdt	binary	custom	TRUE	TRUE	FALSE	TRUE	-100	-1	0	0.001	0	0	31	4057	1	1	1	FALSE	1	0.1	50	0.5	TRUE	103031	0.0200181443636178	0.501377412826677	525	34288	29391	154453926.536732	32
20230724 075244	563	1378548	gbdt	binary	custom	TRUE	TRUE	FALSE	TRUE	-100	-1	0	0.001	0	0	31	4731	1	1	1	FALSE	1	0.1	50	0.5	TRUE	103031	0.0200040036668213	0.999934719432054	566	32914	34319	154322760.11994	33
20230724 080648	563	1378548	gbdt	binary	custom	TRUE	TRUE	FALSE	TRUE	-100	-1	0	0.001	0	0	31	2285	1	1	1	FALSE	1	0.1	50	0.5	TRUE	103031	0.0200571217020002	0.596048226216602	187	112	32692	148549907.046477	34
20230724 082116	563	1378548	gbdt	binary	custom	TRUE	TRUE	FALSE	TRUE	-100	-1	0	0.001	0	0	31	2955	1	1	1	FALSE	1	0.1	50	0.5	TRUE	103031	0.0200127075442913	0.605815290360093	587	37882	31626	155313184.407796	35
20230724 083553	563	1378548	gbdt	binary	custom	TRUE	TRUE	FALSE	TRUE	-100	-1	0	0.001	0	0	31	2955	1	1	1	FALSE	1	0.1	50	0.5	TRUE	103031	0.0200127075442913	0.605815290360093	587	37882	31626	155313184.407796	36
20230724 091757	563	1378548	gbdt	binary	custom	TRUE	TRUE	FALSE	TRUE	-100	-1	0	0.001	0	0	31	6600	1	1	1	FALSE	1	0.1	50	0.5	TRUE	103031	0.0200231947794553	0.575847482466134	569	32075	32538	153002431.784108	37
20230724 094355	563	1378548	gbdt	binary	custom	TRUE	TRUE	FALSE	TRUE	-100	-1	0	0.001	0	0	31	4041	1	1	1	FALSE	1	0.1	50	0.5	TRUE	103031	0.0200540175336379	0.509600831657421	554	37984	30503	155215917.541229	38
20230724 102406	563	1378548	gbdt	binary	custom	TRUE	TRUE	FALSE	TRUE	-100	-1	0	0.001	0	0	31	7058	1	1	1	FALSE	1	0.1	50	0.5	TRUE	103031	0.0200137244815396	0.439187860366142	564	40397	33259	154292265.367316	39
20230724 105345	563	1378548	gbdt	binary	custom	TRUE	TRUE	FALSE	TRUE	-100	-1	0	0.001	0	0	31	4559	1	1	1	FALSE	1	0.1	50	0.5	TRUE	103031	0.020019377513376	0.530919603179697	544	37387	30080	155029085.457271	40
20230724 111642	563	1378548	gbdt	binary	custom	TRUE	TRUE	FALSE	TRUE	-100	-1	0	0.001	0	0	31	3394	1	1	1	FALSE	1	0.1	50	0.5	TRUE	103031	0.0200099517730196	0.526645492217724	543	37532	30720	155690434.782609	41
20230724 115942	563	1378548	gbdt	binary	custom	TRUE	TRUE	FALSE	TRUE	-100	-1	0	0.001	0	0	31	6874	1	1	1	FALSE	1	0.1	50	0.5	TRUE	103031	0.020004099199558	0.522109387564694	532	38076	32550	154846611.694153	42
20230724 123930	563	1378548	gbdt	binary	custom	TRUE	TRUE	FALSE	TRUE	-100	-1	0	0.001	0	0	31	6327	1	1	1	FALSE	1	0.1	50	0.5	TRUE	103031	0.0200104813884644	0.527557134162569	546	37769	30259	154379761.61919	43
20230724 131551	563	1378548	gbdt	binary	custom	TRUE	TRUE	FALSE	TRUE	-100	-1	0	0.001	0	0	31	5708	1	1	1	FALSE	1	0.1	50	0.5	TRUE	103031	0.0200162233559933	0.520865686671021	545	37069	32792	154650206.896552	44
20230724 134559	563	1378548	gbdt	binary	custom	TRUE	TRUE	FALSE	TRUE	-100	-1	0	0.001	0	0	31	4637	1	1	1	FALSE	1	0.1	50	0.5	TRUE	103031	0.0200111326421404	0.532007446311638	533	36992	32978	155266359.82009	45
20230724 184142	563	1378548	gbdt	binary	custom	TRUE	TRUE	FALSE	TRUE	-100	-1	0	0.001	0	0	31	7741	1	1	1	FALSE	1	0.1	50	0.5	TRUE	103031	0.0200574704726578	0.560529982011822	525	36628	29878	153703751.124438	46
20230724 191230	563	1378548	gbdt	binary	custom	TRUE	TRUE	FALSE	TRUE	-100	-1	0	0.001	0	0	31	4646	1	1	1	FALSE	1	0.1	50	0.5	TRUE	103031	0.0200068959856796	0.501408511768179	563	37813	30940	155437451.274363	47
20230724 193333	563	1378548	gbdt	binary	custom	TRUE	TRUE	FALSE	TRUE	-100	-1	0	0.001	0	0	31	3243	1	1	1	FALSE	1	0.1	50	0.5	TRUE	103031	0.0200562768620683	0.490634715152648	586	38261	31718	156074365.817091	48
20230724 195915	563	1378548	gbdt	binary	custom	TRUE	TRUE	FALSE	TRUE	-100	-1	0	0.001	0	0	31	4428	1	1	1	FALSE	1	0.1	50	0.5	TRUE	103031	0.0200024937999032	0.451355251051941	653	39057	33059	154737782.608696	49
20230724 203808	563	1378548	gbdt	binary	custom	TRUE	TRUE	FALSE	TRUE	-100	-1	0	0.001	0	0	31	6843	1	1	1	FALSE	1	0.1	50	0.5	TRUE	103031	0.0200095574334596	0.473065854684294	599	38825	31827	154319419.790105	50
20230724 211243	563	1378548	gbdt	binary	custom	TRUE	TRUE	FALSE	TRUE	-100	-1	0	0.001	0	0	31	5937	1	1	1	FALSE	1	0.1	50	0.5	TRUE	103031	0.0200302389545065	0.486468925586483	569	38012	31062	154698437.781109	51
20230724 214218	563	1378548	gbdt	binary	custom	TRUE	TRUE	FALSE	TRUE	-100	-1	0	0.001	0	0	31	4949	1	1	1	FALSE	1	0.1	50	0.5	TRUE	103031	0.0200064837416131	0.490160587354405	579	37789	31439	155334814.092954	52
20230724 221234	563	1378548	gbdt	binary	custom	TRUE	TRUE	FALSE	TRUE	-100	-1	0	0.001	0	0	31	4949	1	1	1	FALSE	1	0.1	50	0.5	TRUE	103031	0.0200064837416131	0.490160587354405	579	37789	31439	155334814.092954	53
20230724 224047	563	1378548	gbdt	binary	custom	TRUE	TRUE	FALSE	TRUE	-100	-1	0	0.001	0	0	31	4219	1	1	1	FALSE	1	0.1	50	0.5	TRUE	103031	0.02003242280865	0.490233575621033	583	37697	31230	155137406.296852	54
20230724 230637	563	1378548	gbdt	binary	custom	TRUE	TRUE	FALSE	TRUE	-100	-1	0	0.001	0	0	31	4219	1	1	1	FALSE	1	0.1	50	0.5	TRUE	103031	0.02003242280865	0.490233575621033	583	37697	31230	155137406.296852	55
20230724 233225	563	1378548	gbdt	binary	custom	TRUE	TRUE	FALSE	TRUE	-100	-1	0	0.001	0	0	31	4219	1	1	1	FALSE	1	0.1	50	0.5	TRUE	103031	0.02003242280865	0.490233575621033	583	37697	31230	155137406.296852	56
20230725 000341	563	1378548	gbdt	binary	custom	TRUE	TRUE	FALSE	TRUE	-100	-1	0	0.001	0	0	31	5283	1	1	1	FALSE	1	0.1	50	0.5	TRUE	103031	0.0200071576942448	0.486169266746435	603	37918	29483	154899185.907046	57
20230725 003354	563	1378548	gbdt	binary	custom	TRUE	TRUE	FALSE	TRUE	-100	-1	0	0.001	0	0	31	4949	1	1	1	FALSE	1	0.1	50	0.5	TRUE	103031	0.0200064837416131	0.490160587354405	579	37789	31439	155334814.092954	58
20230725 011315	563	1378548	gbdt	binary	custom	TRUE	TRUE	FALSE	TRUE	-100	-1	0	0.001	0	0	31	6746	1	1	1	FALSE	1	0.1	50	0.5	TRUE	103031	0.0200293458385988	0.496889877728506	593	37343	28495	153157038.98051	59
20230725 014738	563	1378548	gbdt	binary	custom	TRUE	TRUE	FALSE	TRUE	-100	-1	0	0.001	0	0	31	5893	1	1	1	FALSE	1	0.1	50	0.5	TRUE	103031	0.0200129569530142	0.482671506576792	523	39096	31199	156016793.103448	60
20230725 023105	563	1378548	gbdt	binary	custom	TRUE	TRUE	FALSE	TRUE	-100	-1	0	0.001	0	0	31	7676	1	1	1	FALSE	1	0.1	50	0.5	TRUE	103031	0.0200236411548535	0.462051490889711	502	40227	29665	153560142.428786	61
20230725 030515	563	1378548	gbdt	binary	custom	TRUE	TRUE	FALSE	TRUE	-100	-1	0	0.001	0	0	31	5655	1	1	1	FALSE	1	0.1	50	0.5	TRUE	103031	0.020032924994658	0.511556647708158	560	37805	29274	154876890.554723	62
20230725 033926	563	1378548	gbdt	binary	custom	TRUE	TRUE	FALSE	TRUE	-100	-1	0	0.001	0	0	31	5655	1	1	1	FALSE	1	0.1	50	0.5	TRUE	103031	0.020032924994658	0.511556647708158	560	37805	29274	154876890.554723	63
20230725 041314	563	1378548	gbdt	binary	custom	TRUE	TRUE	FALSE	TRUE	-100	-1	0	0.001	0	0	31	5655	1	1	1	FALSE	1	0.1	50	0.5	TRUE	103031	0.020032924994658	0.511556647708158	560	37805	29274	154876890.554723	64
20230725 044705	563	1378548	gbdt	binary	custom	TRUE	TRUE	FALSE	TRUE	-100	-1	0	0.001	0	0	31	5655	1	1	1	FALSE	1	0.1	50	0.5	TRUE	103031	0.020032924994658	0.511556647708158	560	37805	29274	154876890.554723	65
20230725 052100	563	1378548	gbdt	binary	custom	TRUE	TRUE	FALSE	TRUE	-100	-1	0	0.001	0	0	31	5655	1	1	1	FALSE	1	0.1	50	0.5	TRUE	103031	0.020032924994658	0.511556647708158	560	37805	29274	154877070.464768	66