fecha	cols	rows	boosting	objective	metric	first_metric_only	boost_from_average	feature_pre_filter	force_row_wise	verbosity	max_depth	min_gain_to_split	min_sum_hessian_in_leaf	lambda_l1	lambda_l2	max_bin	num_iterations	bagging_fraction	pos_bagging_fraction	neg_bagging_fraction	is_unbalance	scale_pos_weight	drop_rate	max_drop	skip_drop	extra_trees	seed	learning_rate	feature_fraction	num_leaves	min_data_in_leaf	estimulos	ganancia	iteracion_bayesiana
20230726 144936	926	1378548	gbdt	binary	custom	TRUE	TRUE	FALSE	TRUE	-100	-1	0	0.001	0	0	31	157	1	1	1	FALSE	1	0.1	50	0.5	TRUE	103031	0.167291425225934	0.331780362308128	561	14869	33577	152315596.701649	1
20230726 145545	926	1378548	gbdt	binary	custom	TRUE	TRUE	FALSE	TRUE	-100	-1	0	0.001	0	0	31	818	1	1	1	FALSE	1	0.1	50	0.5	TRUE	103031	0.0873532034065496	0.300465429983436	765	9809	29455	152279077.961019	2
20230726 150637	926	1378548	gbdt	binary	custom	TRUE	TRUE	FALSE	TRUE	-100	-1	0	0.001	0	0	31	868	1	1	1	FALSE	1	0.1	50	0.5	TRUE	103031	0.178360594853643	0.812932661448284	215	35640	30411	149387689.655172	3
20230726 151138	926	1378548	gbdt	binary	custom	TRUE	TRUE	FALSE	TRUE	-100	-1	0	0.001	0	0	31	161	1	1	1	FALSE	1	0.1	50	0.5	TRUE	103031	0.29122646151695	0.731457760150245	34	27967	32768	152125805.097451	4
20230726 152237	926	1378548	gbdt	binary	custom	TRUE	TRUE	FALSE	TRUE	-100	-1	0	0.001	0	0	31	1299	1	1	1	FALSE	1	0.1	50	0.5	TRUE	103031	0.0453283604533176	0.434775855817047	689	21302	36512	156118632.683658	5
20230726 153136	926	1378548	gbdt	binary	custom	TRUE	TRUE	FALSE	TRUE	-100	-1	0	0.001	0	0	31	688	1	1	1	FALSE	1	0.1	50	0.5	TRUE	103031	0.153764261342694	0.623420111745394	866	44364	31369	152333719.64018	6
20230726 153943	926	1378548	gbdt	binary	custom	TRUE	TRUE	FALSE	TRUE	-100	-1	0	0.001	0	0	31	921	1	1	1	FALSE	1	0.1	50	0.5	TRUE	103031	0.0906159143715888	0.491347804057666	147	48841	33191	156250808.095952	7
20230726 154148	926	1378548	gbdt	binary	custom	TRUE	TRUE	FALSE	TRUE	-100	-1	0	0.001	0	0	31	244	1	1	1	FALSE	1	0.1	50	0.5	TRUE	103031	0.207235895423234	0.123292973226766	267	3283	31638	142004200.89955	8
20230726 155129	926	1378548	gbdt	binary	custom	TRUE	TRUE	FALSE	TRUE	-100	-1	0	0.001	0	0	31	895	1	1	1	FALSE	1	0.1	50	0.5	TRUE	103031	0.13692733044291	0.563720317992138	512	22156	36664	150234746.626687	9
20230726 155934	926	1378548	gbdt	binary	custom	TRUE	TRUE	FALSE	TRUE	-100	-1	0	0.001	0	0	31	137	1	1	1	FALSE	1	0.1	50	0.5	TRUE	103031	0.264142636848653	0.884034660254217	436	2895	29123	139419965.517241	10
20230726 160415	926	1378548	gbdt	binary	custom	TRUE	TRUE	FALSE	TRUE	-100	-1	0	0.001	0	0	31	158	1	1	1	FALSE	1	0.1	50	0.5	TRUE	103031	0.274407536356423	0.965472127351404	639	42765	37696	149330170.914543	11
20230726 160629	926	1378548	gbdt	binary	custom	TRUE	TRUE	FALSE	TRUE	-100	-1	0	0.001	0	0	31	1139	1	1	1	FALSE	1	0.1	50	0.5	TRUE	103031	0.0654707712931373	0.0421758264696277	959	16353	34203	156011209.895052	12
20230726 160842	926	1378548	gbdt	binary	custom	TRUE	TRUE	FALSE	TRUE	-100	-1	0	0.001	0	0	31	411	1	1	1	FALSE	1	0.1	50	0.5	TRUE	103031	0.241970809026954	0.173149274214095	771	33546	31005	153591356.821589	13
20230726 164848	926	1378548	gbdt	binary	custom	TRUE	TRUE	FALSE	TRUE	-100	-1	0	0.001	0	0	31	4269	1	1	1	FALSE	1	0.1	50	0.5	TRUE	103031	0.0207284136067634	0.849418129732273	387	39660	34581	157959668.665667	14
20230726 170017	926	1378548	gbdt	binary	custom	TRUE	TRUE	FALSE	TRUE	-100	-1	0	0.001	0	0	31	597	1	1	1	FALSE	1	0.1	50	0.5	TRUE	103031	0.110624873833725	0.687674384242278	1012	8325	26595	148888283.358321	15
20230726 170256	926	1378548	gbdt	binary	custom	TRUE	TRUE	FALSE	TRUE	-100	-1	0	0.001	0	0	31	359	1	1	1	FALSE	1	0.1	50	0.5	TRUE	103031	0.212779021315052	0.234984172409565	119	29505	31820	151702458.770615	16
20230726 171017	926	1378548	gbdt	binary	custom	TRUE	TRUE	FALSE	TRUE	-100	-1	0	0.001	0	0	31	7072	1	1	1	FALSE	1	0.1	50	0.5	TRUE	103031	0.0200197911302497	0.0109341323829222	620	42576	31718	154675565.217391	17
20230726 174710	926	1378548	gbdt	binary	custom	TRUE	TRUE	FALSE	TRUE	-100	-1	0	0.001	0	0	31	6000	1	1	1	FALSE	1	0.1	50	0.5	TRUE	103031	0.0200455837174713	0.692160556433159	8	49851	32276	157091040.47976	18
20230726 182530	926	1378548	gbdt	binary	custom	TRUE	TRUE	FALSE	TRUE	-100	-1	0	0.001	0	0	31	9958	1	1	1	FALSE	1	0.1	50	0.5	TRUE	103031	0.0200149977063447	0.404584294236759	8	36243	37283	155831059.970015	19
20230726 184532	926	1378548	gbdt	binary	custom	TRUE	TRUE	FALSE	TRUE	-100	-1	0	0.001	0	0	31	4732	1	1	1	FALSE	1	0.1	50	0.5	TRUE	103031	0.0200197686180552	0.295529317591524	1023	49997	34605	157405449.775112	20
20230726 190600	926	1378548	gbdt	binary	custom	TRUE	TRUE	FALSE	TRUE	-100	-1	0	0.001	0	0	31	4309	1	1	1	FALSE	1	0.1	50	0.5	TRUE	103031	0.0200110785728681	0.307290659220966	1024	30583	33089	157178337.331334	21
20230726 195501	926	1378548	gbdt	binary	custom	TRUE	TRUE	FALSE	TRUE	-100	-1	0	0.001	0	0	31	5521	1	1	1	FALSE	1	0.1	50	0.5	TRUE	103031	0.0200678438989577	0.719595310231346	551	49999	35609	157999506.746627	22
20230726 203524	926	1378548	gbdt	binary	custom	TRUE	TRUE	FALSE	TRUE	-100	-1	0	0.001	0	0	31	4413	1	1	1	FALSE	1	0.1	50	0.5	TRUE	103031	0.0200483879455212	0.996825443485839	389	49936	35097	158651128.935532	23
20230726 211238	926	1378548	gbdt	binary	custom	TRUE	TRUE	FALSE	TRUE	-100	-1	0	0.001	0	0	31	4156	1	1	1	FALSE	1	0.1	50	0.5	TRUE	103031	0.0200786119871979	0.997894260701885	838	49979	35352	158561451.274363	24
20230726 215723	926	1378548	gbdt	binary	custom	TRUE	TRUE	FALSE	TRUE	-100	-1	0	0.001	0	0	31	4851	1	1	1	FALSE	1	0.1	50	0.5	TRUE	103031	0.0202040826262756	0.999239928164961	506	49972	35501	158865995.502249	25
20230726 221623	926	1378548	gbdt	binary	custom	TRUE	TRUE	FALSE	TRUE	-100	-1	0	0.001	0	0	31	1918	1	1	1	FALSE	1	0.1	50	0.5	TRUE	103031	0.0502650187921459	0.999708580998633	512	50000	32732	157748707.646177	26
20230726 221814	926	1378548	gbdt	binary	custom	TRUE	TRUE	FALSE	TRUE	-100	-1	0	0.001	0	0	31	1501	1	1	1	FALSE	1	0.1	50	0.5	TRUE	103031	0.299864466663076	0.0147181286671233	8	49976	30394	146795451.274363	27
20230726 222507	926	1378548	gbdt	binary	custom	TRUE	TRUE	FALSE	TRUE	-100	-1	0	0.001	0	0	31	1881	1	1	1	FALSE	1	0.1	50	0.5	TRUE	103031	0.0743419841294601	0.219614313203778	1024	49998	35387	153655371.814093	28
20230726 232050	926	1378548	gbdt	binary	custom	TRUE	TRUE	FALSE	TRUE	-100	-1	0	0.001	0	0	31	6614	1	1	1	FALSE	1	0.1	50	0.5	TRUE	103031	0.020006861445558	0.998580248348137	693	49958	34752	156469577.211394	29
20230726 235254	926	1378548	gbdt	binary	custom	TRUE	TRUE	FALSE	TRUE	-100	-1	0	0.001	0	0	31	3563	1	1	1	FALSE	1	0.1	50	0.5	TRUE	103031	0.0200624350306774	0.995914135539575	263	49975	36144	158616275.862069	30
20230727 002918	926	1378548	gbdt	binary	custom	TRUE	TRUE	FALSE	TRUE	-100	-1	0	0.001	0	0	31	4050	1	1	1	FALSE	1	0.1	50	0.5	TRUE	103031	0.0200060448214615	0.981297563649007	318	49967	33683	158830880.05997	31
20230727 013756	926	1378548	gbdt	binary	custom	TRUE	TRUE	FALSE	TRUE	-100	-1	0	0.001	0	0	31	8125	1	1	1	FALSE	1	0.1	50	0.5	TRUE	103031	0.0200369987093467	0.886345247884068	334	49969	30280	155886356.821589	32
20230727 023553	926	1378548	gbdt	binary	custom	TRUE	TRUE	FALSE	TRUE	-100	-1	0	0.001	0	0	31	6804	1	1	1	FALSE	1	0.1	50	0.5	TRUE	103031	0.0200211473931985	0.999587766086129	184	48557	32867	156883137.931034	33
20230727 030912	926	1378548	gbdt	binary	custom	TRUE	TRUE	FALSE	TRUE	-100	-1	0	0.001	0	0	31	3708	1	1	1	FALSE	1	0.1	50	0.5	TRUE	103031	0.0200271195396104	0.996715578396066	474	49992	34462	157886803.598201	34
20230727 034155	926	1378548	gbdt	binary	custom	TRUE	TRUE	FALSE	TRUE	-100	-1	0	0.001	0	0	31	3360	1	1	1	FALSE	1	0.1	50	0.5	TRUE	103031	0.0201447331365032	0.999052812114059	959	41673	36669	159090271.364318	35
20230727 042028	926	1378548	gbdt	binary	custom	TRUE	TRUE	FALSE	TRUE	-100	-1	0	0.001	0	0	31	4217	1	1	1	FALSE	1	0.1	50	0.5	TRUE	103031	0.0200792429102672	0.999518089398398	1014	42056	34889	157472010.494753	36
20230727 045905	926	1378548	gbdt	binary	custom	TRUE	TRUE	FALSE	TRUE	-100	-1	0	0.001	0	0	31	4207	1	1	1	FALSE	1	0.1	50	0.5	TRUE	103031	0.0200061602716256	0.997536089126415	838	43241	36602	158763835.082459	37
20230727 053459	926	1378548	gbdt	binary	custom	TRUE	TRUE	FALSE	TRUE	-100	-1	0	0.001	0	0	31	3869	1	1	1	FALSE	1	0.1	50	0.5	TRUE	103031	0.0200016859342307	0.997020258844229	849	42888	34145	158476064.467766	38
20230727 064045	926	1378548	gbdt	binary	custom	TRUE	TRUE	FALSE	TRUE	-100	-1	0	0.001	0	0	31	7437	1	1	1	FALSE	1	0.1	50	0.5	TRUE	103031	0.0200020864738	0.998711749672285	864	38934	37028	153946284.857571	39
20230727 074139	926	1378548	gbdt	binary	custom	TRUE	TRUE	FALSE	TRUE	-100	-1	0	0.001	0	0	31	6630	1	1	1	FALSE	1	0.1	50	0.5	TRUE	103031	0.0200247472992603	0.974497325012333	958	48518	36418	156132566.716642	40
20230727 081451	926	1378548	gbdt	binary	custom	TRUE	TRUE	FALSE	TRUE	-100	-1	0	0.001	0	0	31	3444	1	1	1	FALSE	1	0.1	50	0.5	TRUE	103031	0.0200000073494075	0.998962924467382	479	46756	34552	158004389.805097	41
20230727 090123	926	1378548	gbdt	binary	custom	TRUE	TRUE	FALSE	TRUE	-100	-1	0	0.001	0	0	31	5204	1	1	1	FALSE	1	0.1	50	0.5	TRUE	103031	0.0200173931883083	0.998905223387022	451	47166	33723	157996637.181409	42
20230727 094726	926	1378548	gbdt	binary	custom	TRUE	TRUE	FALSE	TRUE	-100	-1	0	0.001	0	0	31	5204	1	1	1	FALSE	1	0.1	50	0.5	TRUE	103031	0.0200173931883083	0.998905223387022	451	47166	33723	157996637.181409	43
20230727 103319	926	1378548	gbdt	binary	custom	TRUE	TRUE	FALSE	TRUE	-100	-1	0	0.001	0	0	31	5204	1	1	1	FALSE	1	0.1	50	0.5	TRUE	103031	0.0200173931883083	0.998905223387022	451	47166	33723	157996637.181409	44
20230727 110727	926	1378548	gbdt	binary	custom	TRUE	TRUE	FALSE	TRUE	-100	-1	0	0.001	0	0	31	3667	1	1	1	FALSE	1	0.1	50	0.5	TRUE	103031	0.0201651973036953	0.999788403926134	294	42898	34183	158390070.464768	45
20230727 115826	926	1378548	gbdt	binary	custom	TRUE	TRUE	FALSE	TRUE	-100	-1	0	0.001	0	0	31	5754	1	1	1	FALSE	1	0.1	50	0.5	TRUE	103031	0.0200000192868462	0.9992303556937	421	43375	36888	156607964.017991	46